# R script for Peak Model
#  -- generated by MACS
p <- c(0.0302347314606,0.034082788192,0.0401297344841,0.0461766807762,0.0494750151174,0.0489252927272,0.0450772359958,0.0439777912154,0.0417789016547,0.0406794568743,0.0401297344841,0.0401297344841,0.0351822329723,0.0357319553625,0.0362816777527,0.0324336210214,0.0318838986312,0.0329833434116,0.0335330658018,0.034082788192,0.0329833434116,0.0329833434116,0.0362816777527,0.0324336210214,0.0296850090704,0.031334176241,0.0335330658018,0.0324336210214,0.0346325105822,0.0351822329723,0.034082788192,0.0346325105822,0.0335330658018,0.0362816777527,0.0406794568743,0.0401297344841,0.0384805673135,0.0406794568743,0.0401297344841,0.0406794568743,0.0417789016547,0.0390302897037,0.0384805673135,0.0357319553625,0.0318838986312,0.0346325105822,0.0368314001429,0.0351822329723,0.0362816777527,0.0362816777527,0.0351822329723,0.0368314001429,0.0379308449233,0.0379308449233,0.0379308449233,0.0357319553625,0.0351822329723,0.0329833434116,0.0324336210214,0.0362816777527,0.0379308449233,0.0373811225331,0.0417789016547,0.0423286240449,0.0450772359958,0.0445275136056,0.0428783464351,0.0434280688252,0.0423286240449,0.0384805673135,0.0373811225331,0.0373811225331,0.0335330658018,0.031334176241,0.0296850090704,0.0291352866802,0.0302347314606,0.031334176241,0.031334176241,0.031334176241,0.0318838986312,0.031334176241,0.0318838986312,0.0379308449233,0.0401297344841,0.0412291792645,0.0423286240449,0.0412291792645,0.0401297344841,0.0417789016547,0.0428783464351,0.0428783464351,0.0406794568743,0.0373811225331,0.0351822329723,0.0351822329723,0.0346325105822,0.0368314001429,0.0373811225331,0.0335330658018,0.0324336210214,0.0329833434116,0.034082788192,0.0329833434116,0.0324336210214,0.031334176241,0.0291352866802,0.0263866747293,0.02858556429,0.0291352866802,0.0296850090704,0.0280358418998,0.0269363971195,0.0269363971195,0.0291352866802,0.0318838986312,0.0329833434116,0.0318838986312,0.031334176241,0.0318838986312,0.0335330658018,0.0373811225331,0.0401297344841,0.0406794568743,0.0401297344841,0.0357319553625,0.0368314001429,0.0401297344841,0.0401297344841,0.0412291792645,0.0390302897037,0.0373811225331,0.0362816777527,0.0373811225331,0.0357319553625,0.0390302897037,0.0379308449233,0.0368314001429,0.0351822329723,0.0379308449233,0.0373811225331,0.0379308449233,0.0384805673135,0.0368314001429,0.0379308449233,0.0357319553625,0.0351822329723,0.0357319553625,0.0373811225331,0.0318838986312,0.0307844538508,0.0280358418998,0.0252872299489,0.0247375075587,0.0274861195096,0.0291352866802,0.02858556429,0.0269363971195,0.0252872299489,0.0280358418998,0.031334176241,0.0335330658018,0.0335330658018,0.0362816777527,0.0346325105822,0.0351822329723,0.0379308449233,0.0395800120939,0.0406794568743,0.0401297344841,0.0373811225331,0.0368314001429,0.0395800120939,0.0368314001429,0.0362816777527,0.0335330658018,0.0329833434116,0.0318838986312,0.0329833434116,0.0318838986312,0.0335330658018,0.0329833434116,0.0329833434116,0.0324336210214,0.0351822329723,0.0379308449233,0.0346325105822,0.0346325105822,0.0329833434116,0.034082788192,0.0357319553625,0.0368314001429,0.0346325105822,0.0346325105822,0.0346325105822,0.0346325105822,0.0362816777527,0.0362816777527,0.0357319553625,0.0362816777527,0.0346325105822,0.0329833434116,0.0362816777527,0.0395800120939,0.0362816777527,0.0351822329723,0.0351822329723,0.0357319553625,0.0351822329723,0.034082788192,0.0329833434116,0.0329833434116,0.0318838986312,0.031334176241,0.0318838986312,0.0346325105822,0.0351822329723,0.034082788192,0.0346325105822,0.0362816777527,0.0390302897037,0.0390302897037,0.0362816777527,0.0357319553625,0.0346325105822,0.0307844538508,0.0296850090704,0.0296850090704,0.0291352866802,0.0269363971195,0.0258369523391,0.0280358418998,0.0307844538508,0.0302347314606,0.0324336210214,0.0346325105822,0.0357319553625,0.0357319553625,0.0395800120939,0.0384805673135,0.0379308449233,0.0373811225331,0.0357319553625,0.0357319553625,0.0329833434116,0.0335330658018,0.031334176241,0.0368314001429,0.0318838986312,0.034082788192,0.034082788192,0.0335330658018,0.0318838986312,0.0346325105822,0.0362816777527,0.0346325105822,0.0362816777527,0.0329833434116,0.0351822329723,0.0357319553625,0.034082788192,0.034082788192,0.0346325105822,0.0318838986312,0.0307844538508,0.0318838986312,0.0329833434116,0.0357319553625,0.0335330658018,0.0329833434116,0.0346325105822,0.0351822329723,0.0373811225331,0.0390302897037,0.0384805673135,0.0384805673135,0.0379308449233,0.0329833434116,0.034082788192,0.0329833434116,0.0335330658018,0.034082788192,0.0302347314606,0.0302347314606,0.0324336210214,0.031334176241,0.0346325105822,0.0351822329723,0.0346325105822,0.0346325105822,0.0318838986312,0.0324336210214,0.0335330658018,0.031334176241,0.0296850090704,0.0296850090704,0.02858556429,0.0291352866802,0.0318838986312,0.0318838986312,0.0423286240449,0.0544225166291,0.0643175196526,0.0747622450662,0.0874058600407,0.104996976527,0.120389203452,0.137980319938,0.155021714034,0.174261997691,0.183607278324,0.188554779836,0.196800615689,0.203397284371,0.206145896322,0.207245341103,0.204496729152,0.201748117201,0.204496729152,0.206695618713,0.206145896322,0.203397284371,0.205596173932,0.209444230664,0.206695618713,0.209444230664,0.215491176956,0.217140344126,0.204496729152,0.201198394811,0.202297839591,0.208344785883,0.204496729152,0.201748117201,0.207795063493,0.203947006762,0.20009895003,0.19899950525,0.203397284371,0.203947006762,0.203397284371,0.195151448518,0.196800615689,0.197900060469,0.193502281348,0.185806167885,0.181958111154,0.178659776813,0.178659776813,0.178659776813,0.175911164862,0.189654224617,0.183607278324,0.183607278324,0.181408388764,0.185256445495,0.192952558958,0.194601726128,0.196800615689,0.195151448518,0.196800615689,0.183057555934,0.185806167885,0.185256445495,0.194601726128,0.195151448518,0.189654224617,0.192402836568,0.188005057446,0.188554779836,0.184157000715,0.194601726128,0.202297839591,0.19899950525,0.196250893299,0.201748117201,0.203397284371,0.20009895003,0.203947006762,0.202847561981,0.202297839591,0.197900060469,0.195151448518,0.19899950525,0.19954922764,0.195701170909,0.197900060469,0.19954922764,0.192402836568,0.194052003738,0.192952558958,0.191853114177,0.191303391787,0.195701170909,0.19954922764,0.204496729152,0.202847561981,0.205596173932,0.213292287395,0.211643120224,0.220988400858,0.223187290418,0.222087845638,0.214391732175,0.208894508273,0.205046451542,0.201748117201,0.205046451542,0.201748117201,0.208894508273,0.207795063493,0.205046451542,0.209993953054,0.215491176956,0.214941454565,0.211643120224,0.216590621736,0.216040899346,0.214391732175,0.207795063493,0.206145896322,0.201198394811,0.193502281348,0.192402836568,0.197350338079,0.19899950525,0.197900060469,0.19954922764,0.206145896322,0.204496729152,0.209993953054,0.213292287395,0.218239788907,0.214391732175,0.205596173932,0.203947006762,0.204496729152,0.19899950525,0.201748117201,0.205596173932,0.19899950525,0.205046451542,0.203947006762,0.205046451542,0.212192842614,0.218239788907,0.219888956077,0.22703534715,0.226485624759,0.230333681491,0.226485624759,0.222637568028,0.223187290418,0.220438678467,0.223187290418,0.219339233687,0.216040899346,0.209444230664,0.205596173932,0.206145896322,0.211643120224,0.213292287395,0.209993953054,0.215491176956,0.207795063493,0.208894508273,0.205596173932,0.207245341103,0.205596173932,0.197350338079,0.194052003738,0.197350338079,0.197900060469,0.197900060469,0.203397284371,0.205596173932,0.207245341103,0.208894508273,0.217140344126,0.213842009785,0.230883403881,0.222637568028,0.221538123248,0.225935902369,0.22703534715,0.230883403881,0.242427574075,0.240228684514,0.242427574075,0.253971744269,0.238579517344,0.247375075587,0.258919245781,0.260568412951,0.260568412951,0.264416469683,0.258919245781,0.265515914463,0.258369523391,0.25562091144,0.258369523391,0.25617063383,0.252322577099,0.252322577099,0.253422021879,0.250673409928,0.249024242757,0.244076741246,0.251223132318,0.250673409928,0.252872299489,0.257819801,